9.600784778084762e-09 -2.2140387606013514e-21
9.600784778084457e-09 -2.2140387606012122e-21
9.600784778082708e-09 -2.2140387606004073e-21
9.600784778082025e-09 -2.2140387606000924e-21
9.600784778080917e-09 -2.2140387605995846e-21
9.600784778079937e-09 -2.2140387605991332e-21
9.600784778079299e-09 -2.2140387605988394e-21
9.600784778078859e-09 -2.214038760598638e-21
9.600784778078185e-09 -2.214038760598327e-21
9.600784778077185e-09 -2.2140387605978674e-21
9.600784778077472e-09 -2.214038760597997e-21
9.600784778076602e-09 -2.214038760597596e-21
9.600784778076599e-09 -2.2140387605975943e-21
9.600784778076271e-09 -2.214038760597443e-21
-3.964153710000674e-07 9.863325795017267e-12
0.00019477624924139653 -9.239322492034637e-07
0.000824734067385732 -8.072417787508514e-06
0.0018545418453673505 -2.7829752342610656e-05
0.003284012565628185 -6.659344008785493e-05
0.005112882446590723 -0.00013075859516573074
0.007340810970566823 -0.00022671712295863593
0.009967380919852789 -0.0003608569016666727
0.012992098421007422 -0.0005395609642705597
0.016414392997309218 -0.000769206680958278
0.020232620726614223 -0.001056086298535824
0.024218864913577418 -0.001387404798984498
0.028202331021675763 -0.0017506023106353956
0.032182764110437995 -0.0021456555889717665
0.03615990943350509 -0.0025725393507186364
0.040133512454933844 -0.003031226275460961
0.04410331886548725 -0.0035216870073921103
0.048069074598910015 -0.004043890157192711
0.052030525848188874 -0.004597802304039343
0.055987419081796025 -0.00518338799774369
0.05993950105991516 -0.005800609761021252
0.06388651885064864 -0.0064494280918898726
0.06782821984620506 -0.007129801466197829
0.07176435177906616 -0.00784168634028143
0.0756946627381317 -0.008585037153751628
0.0796189011848419 -0.009359806332410181
0.08353681596927551 -0.010165944291294011
0.08744815634622372 -0.011003399437849004
0.09135267199123744 -0.011872118175231558
0.09525011301664814 -0.012772044905739079
0.09914022998756057 -0.013703122034367953
0.10302277393781636 -0.014665289972499695
0.10689749638592799 -0.01565848714171479
0.11076414935098126 -0.016682649977733378
0.11462248536850624 -0.017737712934483497
0.11847225750631482 -0.018823608488296086
0.12231321938030416 -0.01994026714222632
0.1261451251702254 -0.021087617430501502
0.12996772963541592 -0.022265585923094817
0.13378078813049477 -0.02347409723042478
0.13758405662101963 -0.024713074008180298
0.1413772916991054 -0.02598243696227044
0.14516025059900187 -0.027282104853899352
0.14893269121263064 -0.028611994504765766
0.15269437210508016 -0.029972020802385906
0.15644505253005728 -0.03136209670554084
0.16018449244529495 -0.03278213324984739
0.16391245252791517 -0.0342320395534513
0.16762869418974477 -0.03571172282284405
0.171332979592586 -0.03722108835880148
0.1750250716634376 -0.03876003956244445
0.17870473410966708 -0.04032847794142126
0.18237173143413393 -0.04192630311621103
0.1860258289502611 -0.04355341282654793
0.18966679279705478 -0.04520970293796584
0.19329438995407147 -0.046895067448463
0.19690838825633145 -0.04860939849528602
0.20050855640917672 -0.05035258636183299
0.20409466400307438 -0.05212451948467551
0.20766648152836273 -0.05392508446069856
0.21122378038993905 -0.05575416605435822
0.2147663329218906 -0.05761164720505693
0.21829391240206447 -0.05949740903463486
0.22180629306657781 -0.061411330854978685
0.22530325012426705 -0.06335329017574506
0.22878455977107415 -0.06532316271220048
0.23224999920437012 -0.06732082239317494
0.23569934663721406 -0.0693461413691307
0.23913238131254763 -0.07139899002034467
0.2425488835173234 -0.07347923696520382
0.2459486345965664 -0.0755867490686138
0.24933141696736802 -0.07772139145051925
0.2526970141328111 -0.07988302749453643
0.25604521069582614 -0.08207151885669635
0.25937579237297576 -0.08428672547429877
0.26268854600816927 -0.08652850557487635
0.26598325958630464 -0.08879671568526779
0.2692597222468381 -0.09109121064080021
0.27251772429727744 -0.09341184359457974
0.27575705722660326 -0.09575846602688941
0.2789775137186137 -0.09813092775469445
0.2821788876651931 -0.10052907694125444
0.2853609741795012 -0.1029527601058397
0.2885235696090875 -0.105401822133555
0.29166647154892406 -0.10787610628526643
0.2947894788543592 -0.1103754542076331
0.29789239165399123 -0.11289970594324088
0.30097501136246013 -0.1154486999408403
0.3040371406931574 -0.1180222730656855
0.30707858367085034 -0.12062026060997494
0.31009914564422636 -0.12324249630339267
0.3130986332983506 -0.12588881232374913
0.3160768546670373 -0.12855903930772258
0.31903361914513484 -0.13125300636169723
0.3219687375007258 -0.13397054107270134
0.3248820218872378 -0.1367114695194408
0.3277732858554644 -0.13947561628343075
0.3306423443654981 -0.1422628044602217
0.3334890137985736 -0.14507285567072178
0.3363131119688194 -0.14790559007261248
0.33911445813491625 -0.1507608263718591
0.34189287301166527 -0.15363838183431316
0.34464817878146325 -0.15653807229740707
0.3473801991056814 -0.15945971218194122
0.3500887591359511 -0.16240311450395983
0.3527736855253552 -0.16536809088671944
0.3554348064395213 -0.16835445157274315
0.358071951567619 -0.1713620054359668
0.3606849521332602 -0.17439055999396935
0.3632736409053008 -0.1774399214202931
0.3658378522085431 -0.18050989455684738
0.3683774219343384 -0.18360028292639963
0.37089218755109155 -0.18671088874514863
0.37338198811466167 -0.18984151293538418
0.37584666427866203 -0.19299195513822623
0.3782860583046593 -0.19616201372644956
0.38070001407226917 -0.19935148581738618
0.38308837708914595 -0.20256016728591134
0.38545099450087156 -0.20578785277750586
0.3877877151007388 -0.20903433572140062
0.39009838933942664 -0.212299408343795
0.39238286933457195 -0.21558286168115545
0.39464100888023534 -0.21888448559358936
0.39687266345625666 -0.22220406877829302
0.39907769023750417 -0.22554139878307602
0.4012559481030173 -0.22889626201995678
0.40340729764503575 -0.23226844377883354
0.40553160117792275 -0.2356577282412245
0.4076287227469783 -0.23906389849408125
0.40969852813713703 -0.24248673654367012
0.4117408848815605 -0.24592602332952412
0.41375566227011457 -0.2493815387384632
0.41574273135773365 -0.25285306161868043
0.41770196497267476 -0.25634036979389624
0.41963323772465505 -0.25984324007757814
0.42153642601287744 -0.2633614482872234
0.4234114080339417 -0.26689476925870753
0.425258063789638 -0.2704429768606944
0.4270762750946283 -0.27400584400910843
0.42886592558400993 -0.2775831426816683
0.430626900720762 -0.28117464393248015
0.43235908780307747 -0.2847801179066899
0.43406237597157377 -0.2883993338551935
0.43573665621638963 -0.29203206014940564
0.43738182138416115 -0.2956780642960839
0.4389977661848786 -0.2993371129522071
0.44058438719862697 -0.30300897193991
0.44214158288220246 -0.306693406261471
0.44366925357561277 -0.3103901801143511
0.4451673015084556 -0.3140990569062852
0.44663563080617386 -0.317819799270425
0.44807414749619406 -0.3215521690805292
0.449482759513939 -0.3252959274662035
0.4508613767087201 -0.32905083482818953
0.452209910849508 -0.3328166508536976
0.45352827563057746 -0.3365931345317876
0.4548163866770327 -0.34038004416879275
0.4560741615502065 -0.3441771374037894
0.4573015197529361 -0.3479841712241065
0.45849838273471566 -0.3518009019808784
0.45966467389672255 -0.3556270854046398
0.46080031859672105 -0.3594624766209578
0.46190524415383744 -0.3633068301661037
0.46297937985321347 -0.3671599000027626
0.46402265695053074 -0.3710214395357793
0.4650350086764113 -0.3748912016279426
0.4660163702406904 -0.3787689386157994
0.4669666788365627 -0.38265440232550624
0.46788587364460255 -0.386547344088712
0.46877389583665574 -0.3904475147584721
0.4696306885796055 -0.3943546647251955
0.4704561970390084 -0.3982685439326176
0.47125036838260476 -0.40218890189380513
0.47201315178370007 -0.40611548770718675
0.4727444984244168 -0.4100480500726108
0.4734443614988193 -0.41398633730742807
0.4741126962159103 -0.41793009736259973
0.47474945980249533 -0.4218790778388282
0.475354611505923 -0.42583302600271145
0.47592811259669004 -0.429791688802916
0.4764699263709228 -0.4337548128863739
0.4769800181527247 -0.43772214461449677
0.4774583552963958 -0.44169343007940814
0.4779049071885222 -0.445668415120194
0.47831964524993503 -0.44964684533916827
0.4787025429375401 -0.45362846611815516
0.4790535757460161 -0.4576130226347835
0.479372721209383 -0.46160025987879655
0.4796599589024403 -0.4655899226683717
0.4799152704420735 -0.46958175566645205
0.48013863948843116 -0.47357550339708865
0.48033005174597065 -0.4775709102617896
0.4804894949643729 -0.48156772055587926
0.4806169589393259 -0.48556567848486315
0.48071243551317944 -0.48956452818079843
0.48077591857546476 -0.4935640137186693
0.4808074040632881 -0.4975638791327668
0.4808068899615886 -0.5015638684330693
0.48077437630326864 -0.5055637256216275
0.4807098651691915 -0.509563194708946
0.4806133606880472 -0.5135620197303685
0.4804848690360903 -0.5175599447624587
0.480324398436742 -0.5215567139393792
0.4801319591600664 -0.5255520714692666
0.47990756352211134 -0.5295457616506035
0.479651225884121 -0.5335375288885801
0.47936296265161693 -0.5375271177114562
0.47904279227334745 -0.5415142727869094
0.47869073524010747 -0.5454987389383753
0.4783068140834269 -0.5494802611613806
0.4778910533741289 -0.5534585846398622
0.47744347972075674 -0.557433454762475
0.4769641217678716 -0.5614046171388879
0.4764530101942189 -0.5653718176160646
0.47591017771076494 -0.5693348022945283
0.4753356590586031 -0.5732933175446128
0.4747294910067311 -0.5772471100226929
0.47409171234969766 -0.5811959266874
0.4734223639051186 -0.5851395148158153
0.4727214885110665 -0.589077622019644
0.4719891310233268 -0.5930099962613699
0.471225338312529 -0.5969363858703829
0.470430159261146 -0.6008565395590895
0.4696036447603655 -0.6047702064389905
0.4687458477068334 -0.6086771360367423
0.4678568229992684 -0.6125770783101842
0.46693662753494825 -0.6164697836643414
0.46598532020606864 -0.6203550029673998
0.4650029618959739 -0.6242324875666502
0.46398961547526074 -0.6281019893044023
0.4629453457977538 -0.631963260533865
0.4618702196963564 -0.6358160541349981
0.4607643059787719 -0.6396601235303261
0.45962767542310073 -0.6434952227007188
0.458460400773311 -0.647321106201139
0.45726255673458105 -0.6511375291763494
0.45603421996852095 -0.6549442473765813
0.4547754690882645 -0.6587410171731696
0.4534863846534382 -0.6625275955741428
0.45216704916500583 -0.6663037402397765
0.45081754705998867 -0.6700692094981009
0.44943796470606046 -0.6738237623603685
0.448028390396021 -0.6775671585364773
0.4465889143421451 -0.6812991584503503
0.44511962867040905 -0.6850195232552668
0.4436206274145938 -0.6887280148491489
0.44209200651026853 -0.6924243958898006
0.44053386378864934 -0.696108429810097
0.4389462989703381 -0.6997798808331247
0.437329413658942 -0.7034385139872713
0.43568331133456856 -0.7070840951212638
0.43400809734720514 -0.7107163909191531
0.4323038789099751 -0.7143351689152486
0.4305707650922763 -0.7179401975089944
0.42880886681280156 -0.7215312459797906
0.4270182968324394 -0.7251080845017611
0.42519916974705774 -0.7286704841584605
0.4233516019801686 -0.7322182169575276
0.42147571177547877 -0.7357510558452737
0.419571619189321 -0.7392687747212163
0.41763944608297077 -0.7427711484525477
0.4156793161148473 -0.746257952888545
0.4136913547325999 -0.7497289648749139
0.4116756891650783 -0.7531839622680724
0.4096324484141903 -0.7566227239493664
0.40756176324664717 -0.7600450298392217
0.4054637661855927 -0.7634506609112303
0.4033385915021225 -0.7668393992061661
0.40118637520669104 -0.7702110278459339
0.39900725504040685 -0.7735653310474522
0.3968013704662165 -0.7769020941364607
0.39456886265997926 -0.7802211035612614
0.39230987450143395 -0.7835221469063838
0.39002455056505086 -0.78680501290618
0.3877130371107817 -0.7900694914583468
0.3853754820746991 -0.7933153736373713
0.3830120350595273 -0.7965424517079019
0.3806228473250681 -0.7997505191380437
0.37820807177852184 -0.8029393706125758
0.3757678629646987 -0.8061088020460921
0.37330237705613 -0.8092586105960632
0.3708117718430723 -0.812388594675817
0.36829620672340896 -0.8154985539674412
0.3657558426924492 -0.8185882894346015
0.36319084233262394 -0.8216576033352835
0.36060136980308055 -0.8247062992344449
0.35798759082917675 -0.8277341820165888
0.35534967269187556 -0.8307410578982507
0.352687784217037 -0.8337267344404004
0.3500020957646141 -0.8366910205607588
0.34729277921775215 -0.8396337265460252
0.34456000797178515 -0.8425546640640218
0.34180395692313953 -0.8454536461757438
0.339024802458142 -0.848330487347326
0.3362227224417301 -0.8511850034619145
0.33339789620606813 -0.8540170118314533
0.33055050453907053 -0.8568263312083734
0.3276807296728326 -0.8596127817971929
0.3247887552719662 -0.8623761852660252
0.3218747664218459 -0.8651163647579926
0.3189389496167633 -0.8678331449025419
0.3159814927479917 -0.8705263518266712
0.3130025850917615 -0.8731958131660574
0.3100024172971461 -0.8758413580760855
0.30698118137385955 -0.8784628172427844
0.30393907067997 -0.881060022893662
0.30087627990952376 -0.8836328088084433
0.29779300508008494 -0.886181010329708
0.29629395762806465 -0.8874048870050798
0.2962939576280618 -0.887404887005082
0.2962939576280589 -0.8874048870050844
0.29629395762805594 -0.8874048870050867
0.29629395762805366 -0.8874048870050885
0.29629395762805366 -0.8874048870050885
0.29629395762778027 -0.8874048870053102
0.2962939576277774 -0.8874048870053124
0.2962939576277745 -0.8874048870053147
0.2962872225525101 -0.8874103543943519
0.2962712469777466 -0.887423368593145
0.2962712469777475 -0.8874233685931441
0.29627124697772156 -0.8874233685931665
0.2962712469777208 -0.8874233685931676
0.29627124697772017 -0.8874233685931688
0.29627124697771956 -0.8874233685931701
0.29627124697771895 -0.8874233685931713
0.29627124697771956 -0.8874233685931703
0.2962712469777302 -0.8874233685931597
0.29627124697772966 -0.8874233685931608
0.29627124697772905 -0.8874233685931621
0.29627124697772844 -0.8874233685931633
0.29627124697772855 -0.8874233685931633
0.29627124697774154 -0.8874233685931487
0.29627124697774093 -0.88742336859315
0.2962712469777404 -0.8874233685931511
0.29627124697773977 -0.8874233685931523
0.29627124697774015 -0.8874233685931515
0.29627124697775103 -0.887423368593138
0.2962712469777504 -0.8874233685931392
0.29627124697774987 -0.8874233685931403
0.29627124697774965 -0.8874233685931407
0.29627124697775936 -0.8874233685931269
0.2962712469777588 -0.887423368593128
0.29627124697775814 -0.8874233685931293
0.29627124697775825 -0.8874233685931291
0.2962712469777655 -0.887423368593118
0.2962712469777649 -0.8874233685931192
0.2962712469777647 -0.8874233685931197
0.29627124697777063 -0.8874233685931097
0.29628539497230205 -0.8873988586215379
0.2962853949723013 -0.8873988586215394
0.29628539497230827 -0.8873988586215277
0.2962853949723071 -0.88739885862153
0.2962853949723092 -0.8873988586215266
0.2962853949723092 -0.8873988586215266
0.2962853949723092 -0.8873988586215266
0.2962853949723092 -0.8873988586215266
0.2962853949723092 -0.8873988586215266
0.2962853949723092 -0.8873988586215266
0.2962853949723092 -0.8873988586215266
0.2962853949723092 -0.8873988586215266
0.2962853949723092 -0.8873988586215266
0.2962853949723092 -0.8873988586215266
0.2962853949723092 -0.8873988586215266
0.2962853949723092 -0.8873988586215266
0.2962853949723092 -0.8873988586215266
0.2962853949723092 -0.8873988586215266
0.2962853949723092 -0.8873988586215266
0.2962853949723092 -0.8873988586215266
0.2962853949723092 -0.8873988586215266
0.2962853949723092 -0.8873988586215266
0.2962853949723092 -0.8873988586215266
0.2962853949723092 -0.8873988586215266
0.2962853949723092 -0.8873988586215266
0.2962853949723092 -0.8873988586215266
0.2962853949723092 -0.8873988586215266
0.2962853949723092 -0.8873988586215266
0.2962853949723092 -0.8873988586215266
0.2962853949723092 -0.8873988586215266
0.2962853949723092 -0.8873988586215266
0.29629009867304884 -0.8873907034139079
0.29609361561871245 -0.8877254100001958
0.2956871994361259 -0.8884028469313389
0.29506497278818394 -0.8894172050078862
0.29422017762848457 -0.890764201733969
0.29314612031821397 -0.8924394533576333
0.29183617297331177 -0.8944384757341126
0.29028377480077616 -0.8967566852058988
0.2886332964576419 -0.8991709822053683
0.2885564774785242 -0.8992819093676433
0.2885564774785224 -0.8992819093676467
0.2885564774785207 -0.8992819093676502
0.28855647747851976 -0.899281909367652
0.28855647747835356 -0.8992819093678918
0.2885564774783494 -0.8992819093678986
0.2885564774783476 -0.8992819093679021
0.2885564774783459 -0.8992819093679055
0.28855647747834573 -0.8992819093679059
0.28855647747833024 -0.899281909367929
0.2885564774783284 -0.8992819093679325
0.2885562419226623 -0.8992822489174094
0.2885529468141651 -0.8992870024143781
0.2886031572291694 -0.8992125896061038
0.2886031572291688 -0.8992125896061051
0.2886031572291686 -0.8992125896061054
0.28860315722916846 -0.8992125896061055
0.28860315722916785 -0.8992125896061067
0.28860315722916796 -0.8992125896061065
0.2886031572291711 -0.8992125896061013
0.288603157229174 -0.8992125896060961
0.2886031572291732 -0.8992125896060977
0.28860315722917623 -0.899212589606092
0.28860315722917745 -0.8992125896060895
0.28860315722917856 -0.8992125896060873
0.2886031572291798 -0.8992125896060849
0.28860315722918095 -0.8992125896060825
0.2886031572291821 -0.8992125896060802
0.2886031572291833 -0.8992125896060779
0.2886031572291845 -0.8992125896060754
0.2886031572291856 -0.8992125896060732
0.2886031572291865 -0.8992125896060708
0.2886135031997739 -0.899185249347139
0.28861350319978935 -0.8991852493470981
0.28861350319978935 -0.8991852493470981
0.28861350319978935 -0.8991852493470981
0.28861350319978935 -0.8991852493470981
0.28861350319978935 -0.8991852493470981
0.28861350319978935 -0.8991852493470981
0.28861350319978935 -0.8991852493470981
0.2886142611827347 -0.8991832274356023
0.2884812760051809 -0.8995285015920965
0.28819888909375735 -0.9002448495202028
0.2877609880634627 -0.9013298080545568
0.2871614911791338 -0.902780838592338
0.28639434818282666 -0.9045953274327397
0.28545354111765187 -0.9067705861249904
0.28433308514799893 -0.9093038518248474
0.2830270293760649 -0.9121922876595244
0.2815294576546041 -0.9154329831010191
0.2798500340501004 -0.9189904832737116
0.27811367573610507 -0.9225939504060117
0.27634869761053665 -0.9261834862791316
0.2745552114383122 -0.9297588635904358
0.2727333307895831 -0.9333198559338616
0.2708831710325437 -0.9368662378142552
0.2690048493261259 -0.9403977846616509
0.2670984846125799 -0.9439142728454919
0.26516419760994225 -0.9474154796887924
0.2632021108043916 -0.950901183482237
0.26121234844249297 -0.9543711634982197
0.25919503652332904 -0.957825200004823
0.25861812527931727 -0.9588013182850608
0.2586181252793149 -0.9588013182850655
0.25861812527931255 -0.9588013182850702
0.2586181252793102 -0.9588013182850749
0.25861812527930883 -0.9588013182850776
0.2586181252791306 -0.9588013182853775
0.25861812527912825 -0.9588013182853822
0.2586181252791259 -0.9588013182853868
0.2586032092793022 -0.9588265132109409
0.258603209279301 -0.9588265132109433
0.2586032092793001 -0.9588265132109451
0.25860320927930125 -0.9588265132109428
0.25860320927928476 -0.9588265132109736
0.2586032092792836 -0.9588265132109759
0.2586032092792825 -0.9588265132109781
0.25860320927928127 -0.9588265132109806
0.2586032092792814 -0.9588265132109803
0.25860320927928737 -0.9588265132109671
0.2586032092792862 -0.9588265132109695
0.25860320927928504 -0.9588265132109718
0.2586032092792839 -0.9588265132109741
0.2586032092792838 -0.9588265132109741
0.25860320927929054 -0.9588265132109568
0.25860320927928965 -0.9588265132109592
0.2586032092792888 -0.9588265132109615
0.25860320927928787 -0.9588265132109639
0.2586032092792886 -0.958826513210962
0.2586032092792932 -0.9588265132109476
0.2586032092792923 -0.95882651321095
0.2586032092792914 -0.9588265132109522
0.2586032092792919 -0.9588265132109509
0.2586032092792952 -0.958826513210938
0.2586032092792949 -0.9588265132109404
0.25860320927929464 -0.9588265132109425
0.2586032092792978 -0.958826513210928
0.2586032092792975 -0.9588265132109304
0.25860320927929714 -0.9588265132109328
0.25860320927929925 -0.9588265132109212
0.2586032092792989 -0.9588265132109235
0.2586032092792989 -0.9588265132109237
0.25860320927930014 -0.9588265132109165
0.2586032092792999 -0.9588265132109174
0.2586032092793008 -0.9588265132109118
0.25860320927930136 -0.9588265132109078
0.25860320927930164 -0.9588265132109037
0.25860320927930164 -0.9588265132109013
0.25860320927930164 -0.958826513210899
0.25860320927930164 -0.9588265132108966
0.25860484903875147 -0.9587940738366436
0.25860511190186924 -0.9587888491897187
0.25860511190186924 -0.9587888491897187
0.25860511190186924 -0.9587888491897187
0.25860511190186924 -0.9587888491897187
0.25860511190186924 -0.9587888491897187
0.25860511190186924 -0.9587888491897187
0.25860511190186924 -0.9587888491897187
0.25860511190186924 -0.9587888491897187
0.25860511190186924 -0.9587888491897187
0.25860511190186924 -0.9587888491897187
0.2586048097615171 -0.9587948415774107
0.2585909308158221 -0.9590644846060774
0.2585555370497555 -0.9597335490237132
0.2584973998373705 -0.960801968342453
0.2584152907077998 -0.9622696732400323
0.25830798135106764 -0.9641365915601076
0.2581742436239026 -0.9664026483125886
0.2580128495555474 -0.9690677656739812
0.2578225721516602 -0.9721318630378734
0.2576022859283736 -0.9755948634356959
0.25735125571517975 -0.9794507001904526
0.2570854944230396 -0.9834418614224587
0.2568137910088566 -0.9874326225402157
0.25653614607494446 -0.9914229746969747
0.2562525602367886 -0.9954129090468956
0.2559630341230441 -0.9994024167450634
0.2556675683755344 -1.0033914889475093
0.2553661636492498 -1.0073801168112302
0.25505888986997455 -1.0113687039849684
0.25474966187966314 -1.0153567333292155
0.25444043388935206 -1.0193447626734584
0.25413120589904326 -1.0233327920176722
0.25382197790873673 -1.0273208213618596
0.25351274991842954 -1.0313088507060524
0.2532035219281216 -1.0352968800502549
0.25289429393781426 -1.0392849093944496
0.25258506594750735 -1.0432729387386412
0.2522758379572013 -1.0472609680828218
0.2519666099668952 -1.0512489974270027
0.2516573819765886 -1.055237026771188
0.25162645917729975 -1.055635829708939
0.25162645917729975 -1.0556358297089434
0.25162645917729975 -1.0556358297089479
0.25162645917729975 -1.0556358297089523
0.25162645917729975 -1.055635829708954
0.2516264591772733 -1.0556358297092967
0.2516264591772733 -1.0556358297093011
0.2516264591772733 -1.0556358297093056
0.2516264591772733 -1.05563582970931
0.25162598231450345 -1.055642008624219
0.25162424730594674 -1.0556650039543127
0.25162424730594674 -1.0556650039543116
0.25162424730594496 -1.0556650039543456
0.25162424730594496 -1.0556650039543456
0.25162424730594496 -1.0556650039543456
0.25162424730594496 -1.0556650039543456
0.25162424730594496 -1.055665003954345
0.2516242473059448 -1.0556650039543303
0.2516242473059448 -1.0556650039543303
0.2516242473059448 -1.0556650039543303
0.2516242473059448 -1.0556650039543303
0.2516242473059448 -1.0556650039543294
0.2516242473059435 -1.0556650039543112
0.2516242473059435 -1.0556650039543125
0.2516242473059435 -1.0556650039543136
0.2516242473059435 -1.0556650039543147
0.25162424730594135 -1.0556650039542965
0.2516242473059417 -1.0556650039542979
0.25162365436195216 -1.0556610543839329
0.25162000485572356 -1.0556370327325013
0.25162000485572045 -1.0556370327324807
0.25162000485572156 -1.055637032732485
0.25162000485572267 -1.0556370327324895
0.25162000485572167 -1.0556370327324822
0.2516200048557228 -1.0556370327324867
0.2516200048557239 -1.055637032732491
0.25162000485572344 -1.0556370327324869
0.25162000485572455 -1.0556370327324913
0.25162000485572455 -1.0556370327324895
0.25162000485572555 -1.0556370327324938
0.25162976746350735 -1.0557007933165128
0.2516955446791347 -1.056125732478396
0.2518242093971106 -1.056945699019717
0.2520174621420622 -1.058160422361342
0.25227700256124147 -1.0597696264344707
0.25260452940876815 -1.0617730296831478
0.25300174052988506 -1.064170345066839
0.25347033284521964 -1.0669612800630446
0.2540120023350518 -1.0701455366699621
0.2546287871161749 -1.0737227520274852
0.25531252751534966 -1.077627337255069
0.25601295391722134 -1.0815655339696408
0.25672388599941764 -1.0855018477378262
0.2574453187003302 -1.0894362505343325
0.2581772468835896 -1.093368714347472
0.2589196653381013 -1.097299211179363
0.2596725687780837 -1.1012277130461268
0.2604359518431059 -1.1051541919780885
0.26120980909812486 -1.109078620019977
0.2619941350335247 -1.113000969231121
0.26278892406515636 -1.1169212116856517
0.2635941705343765 -1.1208393194726978
0.2644102562502808 -1.12475518362407
0.2652385090015291 -1.1286684922319399
0.2660790330480284 -1.1325791835017334
0.26693182011927 -1.1364872189534032
0.267796861824081 -1.1403925601330336
0.26867414965070685 -1.1442951686132223
0.2695636749668943 -1.1481950059934531
0.27024338081458155 -1.151137565527185
0.2702433808145826 -1.1511375655271892
0.2702433808145837 -1.1511375655271936
0.2702433808145848 -1.151137565527198
0.27024338081458593 -1.1511375655272025
0.27024338081458593 -1.1511375655272025
0.2702433808146638 -1.1511375655275373
0.2702433808146649 -1.1511375655275418
0.27024338081466603 -1.1511375655275462
0.27024338081466714 -1.1511375655275506
0.270243474412491 -1.1511379680794065
0.2702434744124908 -1.1511379680794056
0.2702541925435118 -1.1511807322327983
0.27025419254351263 -1.1511807322327996
0.2702541925435134 -1.151180732232801
0.2702541925435143 -1.1511807322328023
0.27025419254351485 -1.1511807322328027
0.27025419254351396 -1.1511807322328016
0.27025419254351435 -1.1511807322328016
0.27025419254351524 -1.151180732232803
0.27025419254351607 -1.151180732232804
0.270254192543517 -1.1511807322328051
0.27025419254351607 -1.151180732232804
0.27025419254351085 -1.1511807322327898
0.270254192543512 -1.151180732232791
0.2702541925435132 -1.151180732232792
0.2702541925435132 -1.1511807322327923
0.27025419254350636 -1.1511807322327772
0.27025419254350747 -1.151180732232778
0.27025419254350863 -1.1511807322327794
0.27025419254350924 -1.1511807322327803
0.2702541925435018 -1.151180732232766
0.2702541925435029 -1.151180732232767
0.27025419254350413 -1.1511807322327683
0.2702541925434972 -1.1511807322327565
0.2702541925434983 -1.1511807322327576
0.2702541925434995 -1.1511807322327587
0.2702541925434934 -1.1511807322327485
0.2702541925434946 -1.1511807322327499
0.2702541925434952 -1.1511807322327507
0.2702541925434912 -1.1511807322327443
0.2702541925434882 -1.1511807322327396
0.27025419254348665 -1.1511807322327372
0.27025419254348526 -1.151180732232735
0.27025419254348404 -1.1511807322327334
0.27025419254348293 -1.1511807322327323
0.2702541925434817 -1.151180732232731
0.27025419254348054 -1.1511807322327299
0.27025419254347927 -1.151180732232729
0.2702541925434778 -1.1511807322327279
0.27024672805922895 -1.1511719309435462
0.27023526589632996 -1.151158449625978
0.27023526589632996 -1.151158449625978
0.27023526589632996 -1.151158449625978
0.27023526589632996 -1.151158449625978
0.27023526589632996 -1.151158449625978
0.27023526589632996 -1.151158449625978
0.27023526589632996 -1.151158449625978
0.27023526589632996 -1.151158449625978
0.27023526589632996 -1.151158449625978
0.270260528538113 -1.1511880863237351
0.27051454603370145 -1.1514840167952405
0.2710318477131765 -1.15208109115753
0.271815330419404 -1.1529767764501522
0.27286787268591006 -1.1541685188414874
0.27419233460326314 -1.1556537437464436
0.2757915576861647 -1.1574298559449536
0.2776683647412547 -1.159494239701266
0.2798255597356365 -1.1618442588840356
0.2822659276661228 -1.1644772570871977
0.28496143394206075 -1.1673577502922103
0.28770847358608265 -1.17026528229468
0.2904694667778892 -1.1731595673093265
0.29324434887375284 -1.1760405391115138
0.29603272212833676 -1.1789084558486054
0.29883425101803623 -1.181763522870227
0.30164887632789433 -1.184605679829805
0.30447653856614015 -1.1874348666536412
0.3073171779654459 -1.1902510235421828
0.3083453935249305 -1.191264004193659
0.308345393524934 -1.1912640041936635
0.3083453935249375 -1.191264004193668
0.30834539352494095 -1.1912640041936724
0.30834539352494306 -1.191264004193675
0.30834539352518525 -1.1912640041939129
0.3083453935251887 -1.1912640041939173
0.30834539352519214 -1.1912640041939218
0.3083453935251956 -1.1912640041939262
0.308345393525199 -1.1912640041939306
0.30834539352520096 -1.191264004193933
0.30834539352522 -1.191264004193952
0.30834539352522344 -1.1912640041939564
0.30834539352522694 -1.1912640041939608
0.30834539352523044 -1.1912640041939653
0.3083453935252339 -1.1912640041939697
0.3083453935252352 -1.1912640041939715
0.3083453935252301 -1.1912640041939668
0.30834539352523355 -1.1912640041939713
0.308345393525237 -1.1912640041939757
0.3083462779152763 -1.191264873066587
0.30852378357331667 -1.1914384086633536
0.30899015345632835 -1.1918911764129854
0.3097462528485447 -1.1926197451362408
0.31079419029044925 -1.1936219050931087
0.312136061656206 -1.194895434478485
0.3137739500938648 -1.1964380994882071
0.31570992596303976 -1.1982476543826615
0.31794604677652333 -1.2003218415541008
0.3204843571371866 -1.2026583915895424
0.32332467024828626 -1.2052530037934857
0.3262881394891329 -1.2079396058523024
0.32764728267130006 -1.2091648897824498
0.3276472826713035 -1.2091648897824543
0.32764728267130694 -1.2091648897824587
0.32764728267131044 -1.2091648897824632
0.32764728267131293 -1.2091648897824663
0.3276472826715658 -1.2091648897826937
0.3276472826715691 -1.2091648897826979
0.32764728267157256 -1.2091648897827023
0.32765373574541495 -1.2091706872184511
0.32766908740205875 -1.2091844315712355
0.3276690874020595 -1.209184431571236
0.3276690874020575 -1.2091844315712346
0.3276690874020851 -1.209184431571257
0.32766908740208717 -1.209184431571258
0.3276690874020892 -1.2091844315712592
0.3276690874020912 -1.2091844315712605
0.32766908740209133 -1.2091844315712605
0.32766908740207823 -1.2091844315712517
0.3276690874020801 -1.209184431571253
0.32766809772886135 -1.209183753236952
0.32764570943226523 -1.2091684814908268
0.3276457094322678 -1.20916848149083
0.3276457094322484 -1.2091684814908168
0.3276457094322521 -1.2091684814908212
0.3276457094322556 -1.2091684814908257
0.3276457094322592 -1.2091684814908301
0.3276457094322607 -1.2091684814908321
0.32764570943225324 -1.209168481490828
0.3276457094322568 -1.2091684814908323
0.32772966158061334 -1.2092254911208458
0.32813584848774835 -1.2094995566816553
0.32887541761721706 -1.209994669388956
0.32995002433369147 -1.2107083349112349
0.3313613099902173 -1.2116380496404804
0.3331109018821615 -1.2127813007622494
0.33520041320281097 -1.2141355663268083
0.3376314429961704 -1.2156983153184326
0.3404055761126058 -1.2174670077265757
0.3435243831637712 -1.2194390946165556
0.34690041252882164 -1.221556317389078
0.3502969723287042 -1.2236689849960156
0.3537009357065803 -1.2257697032161523
0.35711221916471453 -1.2278585136160187
0.3605307810470821 -1.2299353906886352
0.3639565796087773 -1.232000309072742
0.36738957301652714 -1.2340532435531093
0.3708297193491997 -1.2360941690608467
0.3742769765983173 -1.2381230606737081
0.3777313026685691 -1.2401398936163965
0.38119265537832514 -1.242144643260865
0.3846599346358932 -1.2441383093751595
0.3881323296908677 -1.246123873551452
0.3916094191547739 -1.2481012054345666
0.3950911835106712 -1.2500702939257187
0.39857760321538094 -1.2520311279723941
0.40206865869959185 -1.2539836965684101
0.40556433036797307 -1.2559279887539785
0.40906459859928285 -1.2578639936157674
0.4125694437464788 -1.2597917002869616
0.4160783449665122 -1.261712014891232
0.419590558039735 -1.263626265492574
0.4231060663228197 -1.2655344577124559
0.42662485936538985 -1.2674365858784893
0.43014692670730365 -1.269332644336312
0.4336722578786865 -1.271222627449605
0.43720084239996143 -1.2731065296001094
0.4407326697818802 -1.274984345187642
0.44426772952555493 -1.2768560686301151
0.44780601112248936 -1.278721694363549
0.451347504054609 -1.2805812168420905
0.4548921977942941 -1.2824346305380292
0.45844026694755075 -1.2842815738772655
0.46199223480344437 -1.2861210081057048
0.46554811928175155 -1.2879528594935055
0.46910790419443454 -1.2897771197012295
0.4726715733356994 -1.291593780423998
0.47623911048206913 -1.293402833391528
0.47981049939245757 -1.2952042703681694
0.48338572380824374 -1.2969980831529442
0.48696556855260525 -1.2987835156322964
0.4905506678867217 -1.3005575080659086
0.4941414166775428 -1.302320037359626
0.4977377782724834 -1.3040710855224216
0.5013397159616657 -1.305810634680464
0.5049471929782928 -1.3075386670772964
0.5085601724990267 -1.3092551650740198
0.5121786176443609 -1.3109601111494729
0.5158024914789999 -1.31265348790041
0.5194317570122339 -1.3143352780416797
0.5230663771983182 -1.316005464406402
0.5267063149368493 -1.3176640299461417
0.5303515330731456 -1.3193109577310826
0.5340026978555479 -1.3209456551734906
0.5376604175241487 -1.3225646244548286
0.5413251536484058 -1.324167647800744
0.5449968367119431 -1.3257546948034884
0.5486753970666071 -1.3273257353583696
0.5523607649337899 -1.3288807396643192
0.5560528704057515 -1.3304196782244626
0.5597518699751276 -1.3319419695978014
0.5634583398224834 -1.333445980372331
0.5671722305221211 -1.3349315721771016
0.5708934505432769 -1.336398708398932
0.5746219081745515 -1.3378473528794879
0.5783575115261714 -1.3392774699161747
0.5821001685322529 -1.3406890242630154
0.5858497869530713 -1.3420819811315208
0.5896062743773341 -1.343456306191545
0.593369538224459 -1.3448119655721344
0.5971394857468548 -1.34614892586236
0.6009167463826761 -1.3474660052875895
0.6047015339509331 -1.3487603525923948
0.6084940287838049 -1.3500319401139305
0.6122940940169329 -1.351280721962877
0.6161015925127558 -1.352506653072929
0.6199163868654589 -1.3537096892024243
0.6237383394059334 -1.354889786935939
0.6275673122067443 -1.3560469036858556
0.6314031670871071 -1.3571809976938998
0.6352457656178765 -1.3582920280326463
0.6390949691265407 -1.3593799546069947
0.6429508254865605 -1.3604440570980585
0.646813719782392 -1.3614823187727414
0.6506835119963702 -1.3624945676880365
0.6545600269604982 -1.3634807580240123
0.6584430892024711 -1.3644408451402914
0.6623325229536181 -1.3653747855780707
0.6662281521568588 -1.3662825370620906
0.6701298004746729 -1.3671640585025446
0.6740373121934633 -1.3680192133101652
0.6779507519871262 -1.3688468129513731
0.6818699944240061 -1.3696464821990701
0.6857948401662889 -1.3704181803810291
0.6897250895911686 -1.371161868247667
0.6936605428010016 -1.3718775079740426
0.6976009996334724 -1.3725650631617814
0.7015462596717751 -1.3732244988409232
0.705496122254806 -1.3738557814717045
0.7094503864873699 -1.374458878946262
0.7134088512503985 -1.3750337605902665
0.7173713152147996 -1.3755803971375509
0.7213375783738253 -1.3760987489820442
0.7253074400438678 -1.3765887800035763
0.7292806980047004 -1.3770504652405258
0.7332571498630933 -1.377483781175173
0.7372365930631241 -1.3778887057348992
0.7412188248964932 -1.378265218293308
0.7452036425128524 -1.378613299671279
0.749190842930136 -1.3789329321379442
0.7531802230449025 -1.3792240994115899
0.7571706768230927 -1.379487837223897
0.7611633162172654 -1.3797303159089234
0.7651571415546418 -1.3799524069243287
0.7691520487300637 -1.380154104480972
0.7731479336101731 -1.3803354033212978
0.7771446920361278 -1.3804962987194749
0.7811422198263137 -1.380636786481519
0.785140412779063 -1.3807568629454015
0.789139166675369 -1.3808565249811466
0.7931371287625115 -1.3809371782451938
0.7971365123315394 -1.3810073507937781
0.8011360449957691 -1.3810684375071278
0.8051357061139449 -1.3811204380699793
0.8091354750441496 -1.381163352213962
0.8131353311439087 -1.3811971797176001
0.8171352537702985 -1.381221920406312
0.821135222280052 -1.3812375741524132
0.8251352160296641 -1.381244140875117
0.8291352143755014 -1.3812416205405322
0.8331351966739049 -1.3812300131616668
0.8371339254746399 -1.381209647653183
0.8411338602625744 -1.3811868070693454
0.8451337950505093 -1.3811639664855078
0.8491337298384438 -1.3811411259016702
0.8531336646263779 -1.3811182853178325
0.8571335994143121 -1.381095444733995
0.8611335342022461 -1.3810726041501573
0.8651334689901793 -1.3810497635663197
0.8691334037781129 -1.381026922982482
0.8731328176587391 -1.3810042844174537
0.8771327801289442 -1.3809871046630975
0.8811327685361213 -1.3809777425340481
0.8851327676013245 -1.3809761980660675
0.8891327620455691 -1.3809824712650551
0.8931327365898858 -1.3809965621070486
0.8971326759553832 -1.381018470538225
0.901132564863303 -1.3810481964748995
0.9051323880350799 -1.381085739803526
0.909132130192401 -1.3811311003806985
0.9131317760572606 -1.381184278033152
0.9171300593906708 -1.3812472133414695
0.9211292745367413 -1.3813263028587315
0.9251281261568763 -1.381422024624524
0.9291265450798795 -1.381534376983075
0.9331244621420403 -1.3816633579909388
0.9371218081883275 -1.381808965417033
0.941118514073589 -1.3819711967426738
0.9451145106637446 -1.3821500491616223
0.949109728836985 -1.382345519580131
0.9531036611770861 -1.3825581610944218
0.9570967779957967 -1.3827926276966467
0.9610884907112138 -1.3830498943151615
0.9650786691401976 -1.383329952559639
0.9690671831496457 -1.38363279329644
0.9730539026607374 -1.3839584066489126
0.9770386976531775 -1.3843067819977133
0.9810214381694353 -1.3846779079811535
0.9850019943189839 -1.3850717724955701
0.9889802362825361 -1.3854883626957202
0.9929560343162772 -1.3859276649952
0.9969291764203727 -1.3863903641436417
1.0008993490788898 -1.3868778852191177
1.0048663917020546 -1.3873902528249056
1.0088301487943832 -1.387927446877821
1.0127904649891717 -1.388489446321562
1.01674718505459 -1.3890762291275323
1.0207001538997647 -1.3896877722957075
1.0246492165808592 -1.3903240518555362
1.0285942183071448 -1.390985042866878
1.032535004447069 -1.3916707194209825
1.0364713246387454 -1.3923815796155745
1.0404025320382184 -1.3931201866529945
1.0443283634521348 -1.3938868545621381
1.0482486185852582 -1.3946815442277423
1.0521630974268554 -1.3955042151048784
1.056071600260897 -1.3963548252210216
1.0599739276762496 -1.3972333311781924
1.0638698805768485 -1.3981396881551689
1.0677592601918549 -1.399073849909778
1.0716418680857982 -1.4000357687812477
1.0755175061687 -1.401025395692646
1.079385963225235 -1.4020427308480226
1.0832468781236135 -1.4030883234941016
1.0870999962445427 -1.4041622921064087
1.090945109040629 -1.4052645785571232
1.0947820083977604 -1.4063951231857426
1.0986104866463722 -1.407553864802308
1.1024303365726864 -1.4087407406907193
1.1062413514299274 -1.4099556866121261
1.110043324949511 -1.4111986368084088
1.11383605135221 -1.4124695240057343
1.1176189210976117 -1.4137681895839236
1.1213915440792475 -1.415097557497599
1.1251527039644995 -1.4164590197736278
1.1289021277266105 -1.4178524775819568
1.1326395431907625 -1.4192778297699433
1.1363646790538315 -1.4207349728696947
1.1400772649040858 -1.4222238011055817
1.1437770312408104 -1.4237442064019143
1.1474637094938738 -1.425296078390792
1.1511370320432246 -1.4268793044201096
1.154796765256328 -1.4284936952544667
1.1584428099718656 -1.4301387679499233
1.1620749316260113 -1.431814356959951
1.1656928748116726 -1.4335203444588398
1.169296385118774 -1.4352566104832878
1.1728852091521447 -1.4370230329408384
1.1764590945493372 -1.4388194876184655
1.1800177899983755 -1.4406458481913085
1.1835609758273902 -1.4425021177127806
1.1870875669328789 -1.44438972131358
1.1905970413107063 -1.4463089612075044
1.1940891151658835 -1.4482596821944855
1.1975635061105203 -1.450241726528724
1.201019933186662 -1.4522549339314448
1.2044581168890103 -1.4542991416038613
1.2078777791875233 -1.4563741842403366
1.2112786435498994 -1.4584798940417534
1.2146604349639394 -1.460616100729082
1.2180228793127528 -1.4627826325524698
1.2213656682504115 -1.4649793696017646
1.2246885092879982 -1.4672061652781596
1.2279911321438368 -1.4694628384528958
1.2312732681808087 -1.4717492055669639
1.234534650428203 -1.4740650806460345
1.2377750136034353 -1.4764102753155828
1.240994094133623 -1.4787845988162145
1.2441916301770237 -1.4811878580191788
1.2473673616443384 -1.4836198574420794
1.250520937307809 -1.486080517564316
1.253651407188213 -1.4885705056680427
1.2567583575394758 -1.4910897797586489
1.2598415143969992 -1.49363811769164
1.2629006058942451 -1.4962152947597307
1.2659353622867118 -1.4988210837126577
1.2689455159757175 -1.501455254777221
1.271930801531996 -1.504117575677543
1.2748909557191037 -1.50680781165555
1.2778257175166312 -1.509525725491673
1.2807348281432165 -1.5122710775257664
1.283618031079369 -1.515043625678239
1.286475072090082 -1.5178431254714015
1.289305855043744 -1.5206691745830794
1.29211036159232 -1.5235213016534093
1.294888353455654 -1.5263992604810446
1.2976395927129798 -1.5293028045835617
1.300363843734756 -1.532231685287289
1.303060873202844 -1.535185651748605
1.3057304501304923 -1.5381644509754215
1.308371907598282 -1.5411682121088337
1.3109845714725556 -1.5441970511571863
1.3135682036769394 -1.547250692120565
1.316122568780547 -1.5503288567390079
1.3186474340194245 -1.5534312645178572
1.3211425693177663 -1.5565576327533233
1.3236077473088756 -1.559707676558242
1.3260427433558861 -1.5628811088880383
1.3284473355722308 -1.566077640566882
1.330821304841861 -1.5692969803140362
1.3331644053098197 -1.5725388559267321
1.3354754440545518 -1.5758036632085535
1.3377537197196228 -1.5790914172536468
1.3399990044793648 -1.5824017892893478
1.3422110738071733 -1.585734448281212
1.344389706497958 -1.5890890609661172
1.346534684690266 -1.5924652918855895
1.348645793888065 -1.5958628034193518
1.3507228229821948 -1.5992812558190808
1.352765564271477 -1.6027203072423857
1.3547738134834857 -1.6061796137869908
1.3567473697949715 -1.6096588295251235
1.3586860358519486 -1.6131576065381101
1.3605896177894266 -1.6166755949511649
1.3624579252507985 -1.6202124429683766
1.364290771406875 -1.6237677969078923
1.3660879729745685 -1.627341301237281
1.3678493502352187 -1.630932598609087
1.3695747270525676 -1.6345413298965654
1.3712639308903716 -1.638167134229596
1.3729167928296553 -1.641809649030766
1.3745331475856013 -1.645468510051632
1.3761128335240806 -1.6491433514091394
1.3776556926778167 -1.652833805622215
1.3791615707621792 -1.6565395036485135
1.3806303171906147 -1.66026007492132
1.3820617850897041 -1.6639951473866084
1.383455831313851 -1.6677443475402434
1.3848123164595947 -1.6715073004653354
1.3861311048795502 -1.6752836298697265
1.387412064695975 -1.6790729581236232
1.3875411568936151 -1.6794625958435785
1.3875411568936151 -1.6794625958435785
1.3875411568936151 -1.6794625958435785
1.3875411568936151 -1.6794625958435785
1.3875411568936151 -1.6794625958435785
1.387541156893726 -1.6794625958439164
1.387541156893725 -1.6794625958439142
1.387541156893725 -1.6794625958439142
1.38754309585311 -1.6794684820358232
1.3875503547136097 -1.6794903915704305
1.3875503547136097 -1.6794903915704305
1.3875503547136219 -1.6794903915704649
1.3875503547136219 -1.6794903915704649
1.3875503547136219 -1.6794903915704649
1.3875503547136219 -1.6794903915704649
1.3875503547136219 -1.6794903915704649
1.3875503547136168 -1.679490391570453
1.3875503547136168 -1.6794903915704533
1.3875503547136168 -1.6794903915704533
1.3875503547136168 -1.679490391570453
1.3875503547136168 -1.6794903915704533
1.387550354713609 -1.6794903915704378
1.387550354713609 -1.6794903915704376
1.387550354713609 -1.6794903915704378
1.387550354713609 -1.6794903915704378
1.387550354713601 -1.6794903915704233
1.387550354713601 -1.6794903915704236
1.387550354713601 -1.6794903915704236
1.3875503547136008 -1.6794903915704233
1.3875503547135934 -1.679490391570412
1.3875503547135934 -1.679490391570412
1.3875503547135937 -1.6794903915704122
1.3875503547135872 -1.679490391570403
1.3875503547135872 -1.679490391570403
1.3875503547135815 -1.6794903915703951
1.3875503547135817 -1.6794903915703954
1.387550354713577 -1.6794903915703892
1.3875503547135768 -1.679490391570389
1.387550354713572 -1.6794903915703825
1.387550354713568 -1.6794903915703778
1.387550354713564 -1.679490391570373
1.387531374125176 -1.679468154828975
1.387531374125176 -1.679468154828975
1.387531374125176 -1.679468154828975
1.387531374125176 -1.679468154828975
1.387531374125176 -1.679468154828975
1.387531374125176 -1.679468154828975
1.387531374125176 -1.679468154828975
1.387527926247808 -1.679464118820649
1.3877400865811422 -1.6797149717958313
1.3882077877275878 -1.680275465767463
1.3889257384721494 -1.6811480719282121
1.3898895562379077 -1.6823363251443884
1.3910948211958005 -1.6838437139660738
1.3925370767001006 -1.685673680278626
1.3942118297269392 -1.6878296189580229
1.3961145513158553 -1.6903148775300696
1.398240677014335 -1.6931327558334988
1.400573122634074 -1.6962696198244285
1.4006353458849763 -1.6963540284437997
1.4006353458849763 -1.6963540284437997
1.4006353458849763 -1.6963540284437997
1.4006353458849763 -1.6963540284437997
1.4006353458849763 -1.6963540284437997
1.400635345885183 -1.6963540284440803
1.400635345885183 -1.6963540284440803
1.400635345885183 -1.6963540284440803
1.400635345885183 -1.6963540284440803
1.400635345885183 -1.6963540284440803
1.400635345885183 -1.6963540284440803
1.4006365530443454 -1.6963556356275629
1.4006633447563157 -1.6963911929673543
1.4006633447563155 -1.696391192967354
1.4006633447563157 -1.6963911929673543
1.4006633447563157 -1.6963911929673543
1.4006633447563155 -1.696391192967354
1.4006633447563157 -1.6963911929673543
1.4006633447563146 -1.696391192967353
1.4006633447563148 -1.6963911929673532
1.4006633447563146 -1.696391192967353
1.4006633447563146 -1.696391192967353
1.4006633447563148 -1.6963911929673532
1.4006633447563017 -1.69639119296734
1.4006633447563017 -1.69639119296734
1.4006633447563017 -1.69639119296734
1.4006633447563017 -1.69639119296734
1.4006633447563017 -1.69639119296734
1.4006633447562877 -1.6963911929673274
1.4006615329948695 -1.6963896220547638
1.400641928363547 -1.6963726915253727
1.400641928363547 -1.6963726915253727
1.400641928363547 -1.6963726915253727
1.4006419283635314 -1.6963726915253592
1.4006419283635314 -1.6963726915253592
1.4006419283635314 -1.6963726915253592
1.4006419283635243 -1.6963726915253532
1.4006419283635243 -1.6963726915253532
1.4006419283635243 -1.6963726915253532
1.400641928363519 -1.6963726915253485
1.400641928363519 -1.6963726915253485
1.4007060242897909 -1.6964281320877288
1.4010606928128837 -1.696736531243585
1.4017153302041563 -1.6973095488459986
1.4026681421580445 -1.698149220118505
1.4039173240252252 -1.699257571146335
1.4054610608529925 -1.7006366188287976
1.4072975274273753 -1.702288370833206
1.409424888314816 -1.7042148255484109
1.411841297904146 -1.7064179720386075
1.4145449004487634 -1.7088997899973208
1.41746705736105 -1.7116004241592422
1.4203954311456986 -1.7143252382154142
1.4233138255819926 -1.7170606108861233
1.426220406711113 -1.7198086575752725
1.4291149342230753 -1.7225693975029737
1.4319973526861418 -1.7253427777995938
1.434867606900471 -1.7281287453534298
1.4377256418991757 -1.730927246811727
1.4405714029493688 -1.7337382285816982
1.443404835553218 -1.7365616368315535
1.4452689479080203 -1.7384327131809825
1.4452689479080203 -1.7384327131809825
1.4452689479080203 -1.7384327131809825
1.4452689479080203 -1.7384327131809825
1.4452689479080203 -1.7384327131809825
1.4452689479080203 -1.7384327131809825
1.445268947908264 -1.738432713181228
1.445268947908264 -1.738432713181228
1.445268947908264 -1.738432713181228
1.445268947908264 -1.738432713181228
1.4452733150274324 -1.7384371102304477
1.44528495888852 -1.7384488030324485
1.4452833956956952 -1.738447296174734
1.4452833956956952 -1.738447296174734
1.4452833956956952 -1.738447296174734
1.4452833956956952 -1.738447296174734
1.4452833956956952 -1.738447296174734
1.4452833956956952 -1.738447296174734
1.4452833956956899 -1.7384472961747295
1.4452833956956899 -1.7384472961747295
1.44528339569569 -1.7384472961747297
1.4452833956956899 -1.7384472961747295
1.4452833956956899 -1.7384472961747295
1.44528339569569 -1.7384472961747297
1.4452833956956739 -1.7384472961747177
1.445283395695674 -1.738447296174718
1.445283395695674 -1.738447296174718
1.4452833956956739 -1.7384472961747177
1.4452833956956739 -1.7384472961747177
1.4452487676388817 -1.7384247582150347
1.4452487676388501 -1.7384247582150143
1.4452487676388501 -1.7384247582150143
1.4452487676388501 -1.7384247582150143
1.4452487676388501 -1.7384247582150143
1.4452487676388341 -1.7384247582150043
1.4452487676388341 -1.7384247582150043
1.4452487676388341 -1.7384247582150043
1.4452487676388257 -1.7384247582149988
1.4452487676388257 -1.7384247582149988
1.44532507933252 -1.7384743316490776
1.4457192166523962 -1.7387303702651684
1.4464487899889764 -1.7392043140863045
1.4475137993428244 -1.7398961631128513
1.4489142447135206 -1.7408059173445363
1.4506501261012925 -1.741933576781506
1.4527214435061464 -1.7432791414237652
1.4551281969280327 -1.744842611271281
1.4578703863669509 -1.7466239863240516
1.460948011822902 -1.748623266582078
1.4642847616027794 -1.750790878611664
1.4676391217735985 -1.7529699306645568
1.4709934819455226 -1.7551489827181694
1.4743478421161575 -1.7573280347709466
1.4777022022875728 -1.7595070868242315
1.4810565624581291 -1.7616861388769611
1.4844109226293383 -1.7638651909301175
1.4877652827998191 -1.7660442429828014
1.491119642970264 -1.7682232950354668
1.4944740031408819 -1.770402347088247
1.4969897732718904 -1.772036636129812
1.4969897732718904 -1.772036636129812
1.4969897732718904 -1.772036636129812
1.4969897732718904 -1.772036636129812
1.4969897732718904 -1.772036636129812
1.4969897732718904 -1.772036636129812
1.4969897732721782 -1.772036636129999
1.4969897732721782 -1.772036636129999
1.4969897732721782 -1.772036636129999
1.4969897732721782 -1.772036636129999
1.4969897732721782 -1.772036636129999
1.4969949713361432 -1.7720400102226346
1.4970199500542376 -1.7720556014141615
1.4970217073276668 -1.7720566944795262
1.497021707327667 -1.7720566944795264
1.497021707327667 -1.7720566944795264
1.4970217073276668 -1.7720566944795264
1.497021707327667 -1.7720566944795264
1.4970217073276633 -1.7720566944795244
1.497021707327663 -1.7720566944795244
1.496996422377083 -1.77204398389807
1.4969964223770835 -1.77204398389807
1.4969964223770835 -1.77204398389807
1.4969964223770835 -1.77204398389807
1.4969964223770633 -1.7720439838980597
1.4969964223770633 -1.7720439838980597
1.4969964223770633 -1.7720439838980597
1.4969964223770633 -1.7720439838980597
1.4969964223770633 -1.7720439838980597
1.4969964223770518 -1.772043983898054
1.4969964223770518 -1.772043983898054
1.4971031884579018 -1.772097467793981
1.4975594506104895 -1.7723253379387938
1.4983741479756814 -1.7727307612422079
1.499547805310755 -1.773312678889579
1.5010809450283324 -1.7740700309054727
1.5029740871909607 -1.7750017561567288
1.5052277495100834 -1.7761067923577167
1.5078424473445307 -1.7773840760753281
1.5108186936967802 -1.778832542732894
1.514157028206567 -1.7804510667331954
1.517750110090163 -1.7821859612503035
1.5213550552523052 -1.7839192721737807
1.5249628517403473 -1.78564664036857
1.5285734897577474 -1.78736806114421
1.532186959500249 -1.7890835298263872
1.5358032511559043 -1.7907930417569506
1.5394223549051047 -1.792496592293924
1.543044260920605 -1.79419417681152
1.5466689593675513 -1.795885790700149
1.549575585484313 -1.797237036713096
1.5495755854843132 -1.797237036713096
1.5495755854843132 -1.797237036713096
1.5495755854843132 -1.797237036713096
1.5495755854843132 -1.797237036713096
1.5495755854843132 -1.797237036713096
1.5495755854846227 -1.7972370367132398
1.5495755854846227 -1.7972370367132398
1.5495755854846227 -1.7972370367132398
1.5495755854846227 -1.7972370367132398
1.5495755854846227 -1.7972370367132398
1.549575585484623 -1.7972370367132398
1.5495849030170532 -1.7972412428140787
1.549617332252684 -1.797255817664271
1.5496173322526843 -1.797255817664271
1.549617332252684 -1.797255817664271
1.549617332252684 -1.797255817664271
1.5496173322526843 -1.797255817664271
1.549617332252684 -1.797255817664271
1.5496173322526818 -1.7972558176642701
1.5496135511198794 -1.7972545206878372
1.5495905442600095 -1.7972466742095892
1.5495905442600095 -1.7972466742095892
1.5495905442600095 -1.7972466742095892
1.5495905442599873 -1.7972466742095816
1.549590544259988 -1.7972466742095818
1.549590544259988 -1.7972466742095818
1.549590544259988 -1.7972466742095818
1.549590544259988 -1.7972466742095818
1.549590544259988 -1.7972466742095818
1.549590544259976 -1.7972466742095776
1.549702521812352 -1.7972846483194347
1.5501858857194326 -1.7974473110536564
1.551049160680572 -1.7977351578651601
1.5522930628293112 -1.7981460182850788
1.553918298996411 -1.798677718783615
1.5559255666963612 -1.7993280828048803
1.5583155541167721 -1.8000949308026846
1.5610889401073396 -1.8009760802761716
1.5642463941676696 -1.8019693458051043
1.567788576437052 -1.8030725390857574
1.5716014407709953 -1.804248189873381
1.575427209176514 -1.8054158735739343
1.5792562979667863 -1.806572622532616
1.5830888694129324 -1.8077177785069083
1.586925121486833 -1.8088505433092361
1.5907650146545385 -1.809970903310533
1.5946085088043336 -1.8110788468074617
1.598455563786887 -1.8121743622263895
1.60230613941567 -1.813257438123508
1.6061601954673776 -1.8143280631849517
1.6100180478383141 -1.8153849236387836
1.6138800751557882 -1.8164264244196995
1.6177462172335109 -1.8174525454225157
1.6216164128247466 -1.8184632703916048
1.6254906006185426 -1.8194585833152421
1.6293687192407043 -1.8204384684258577
1.633250707254764 -1.8214029102002844
1.6371365031629563 -1.8223518933600065
1.6410260470196072 -1.8232853960973907
1.6449194652012469 -1.8242026037529813
1.6488168168911206 -1.8251029508116396
1.6527180290741263 -1.8259864204057754
1.6566230286628372 -1.8268529959839896
1.6605317424988728 -1.8277026613113845
1.664444097354266 -1.8285354004698695
1.6683600199328381 -1.8293511978584565
1.672279436871569 -1.830150038193555
1.6762022747419758 -1.8309319065092564
1.6801284600514843 -1.8316967881576152
1.684058367072475 -1.832444486611749
1.687991706270922 -1.8331716752702267
1.6919289405689864 -1.8338774703376515
1.69586995360695 -1.8345618509551889
1.6998146289134168 -1.8352247968968816
1.7037628499087591 -1.8358662885702444
1.7077144999085607 -1.8364863070168447
1.7116694621270654 -1.8370848339128625
1.7156276196806295 -1.8376618515696317
1.7195888555911751 -1.8382173429341644
1.723553099790314 -1.8387509385482426
1.7275203635263383 -1.8392615985126268
1.7314905222274934 -1.839749240838556
1.7354634423490525 -1.8402138491231455
1.739438990253401 -1.8406554077383068
1.743417032214535 -1.8410739018312785
1.7473974344225558 -1.841469317325121
1.751380062988176 -1.8418416409191942
1.7553647839472157 -1.842190860089603
1.7593514632651166 -1.8425169630896177
1.763339966841445 -1.8428199389500712
1.767330171400541 -1.8430996191095121
1.771321962042761 -1.843355667309072
1.7753151994110152 -1.84358806466833
1.779309743378386 -1.843796803032217
1.7833054537721043 -1.8439818750758834
1.7873021903784707 -1.8441432743049555
1.7912998129477748 -1.8442809950557644
1.7952981811992172 -1.8443950324955423
1.7992971548258312 -1.8444853826225958
1.8032965974733597 -1.8445517701047405
1.8072963825227861 -1.8445925595105361
1.8112963477333897 -1.8446074769903387
1.8152963257587889 -1.844596521920047
1.8192961492520665 -1.844559694757988
1.8232956508727711 -1.8444969970448977
1.8272946632939155 -1.8444084314038578
1.8312930192089811 -1.8442940015401859
1.8352905513389153 -1.844153712241279
1.8392870924391285 -1.8439875693764152
1.8432824753064951 -1.843795579896506
1.8472765294829148 -1.8435776931397667
1.8512690767965359 -1.8433337482151098
1.855259946538684 -1.8430637447355487
1.8592489686322218 -1.842767694207703
1.8632359730787522 -1.8424456092482275
1.8672207899658622 -1.8420975035832754
1.8712032494743671 -1.8417233920479128
1.8751831818855436 -1.8413232905854855
1.8791604175883658 -1.8408972162469417
1.883134787086732 -1.8404451871901029
1.8871060825215997 -1.8399669089470068
1.8910738908587943 -1.8394605211121748
1.8950379716159904 -1.8389257357436368
1.898998121555195 -1.8383625802597814
1.9029541376399466 -1.83777108353353
1.9069058170457256 -1.8371512758908561
1.9108529571703545 -1.8365031891092307
1.9147953556443846 -1.8358268564159932
1.9187328103414703 -1.8351223124866483
1.9226651198416491 -1.8343895958280363
1.9265922857633808 -1.8336297876816468
1.930514292672695 -1.83284378361078
1.934430965833273 -1.8320316186341052
1.9383421307464286 -1.8311933289358306
1.9422476131588828 -1.8303289518640957
1.9461472390705286 -1.829438525929303
1.9500408347421823 -1.8285220908024054
1.9539282267033236 -1.827579687313137
1.9578092417598252 -1.8266113574481961
1.9616838058782975 -1.8256175268284034
1.9655520975261782 -1.8245995541602065
1.969413995849313 -1.823557589684794
1.9732693520479418 -1.8224916735492775
1.9771180175743714 -1.8214018468236333
1.9809598441387029 -1.8202881514991163
1.984794683714544 -1.8191506304866427
1.9886223885447118 -1.8179893276151389
1.9924428111469281 -1.8168042876298502
1.9962558043194987 -1.81559555619062
2.000061221146988 -1.8143631798701252
2.0038590311798035 -1.8131075552551505
2.0076496731435256 -1.8118304524000892
2.01143310504956 -1.81053214534398
2.015209208286279 -1.8092126747891053
2.018977864471811 -1.807872082101228
2.022738955457753 -1.8065104093082966
2.02649236333287 -1.8051276990991263
2.0302379704268 -1.8037239948220611
2.0339756623840692 -1.8022993484785277
2.037705495006851 -1.800854250004759
2.0414274568271855 -1.7993889987632212
2.0451414389579807 -1.7979036376202722
2.0488473327455945 -1.7963982100305906
2.0525450297730106 -1.794872760035904
2.056234421863011 -1.7933273322637024
2.0599154010813434 -1.7917619719259312
2.063587859739872 -1.7901767248176697
2.0672516903997358 -1.7885716373157887
2.070906848188599 -1.7869468957982308
2.0745539733568714 -1.785304200612802
2.078193195666608 -1.7836440709655796
2.0818244317759045 -1.7819665448752273
2.085447598525749 -1.7802716607588052
2.089062612941923 -1.7785594574308887
2.0926693922369086 -1.776829974102681
2.0962678538117765 -1.7750832503811165
2.0998579152580845 -1.7733193262679514
2.1034394943597623 -1.7715382421588477
2.107012509094994 -1.76974003884245
2.1105768776380933 -1.7679247574994483
2.114132666326692 -1.7660927257844976
2.117680689179183 -1.7642456981803107
2.1212210324580525 -1.76238399288672
2.1247536354440224 -1.7605076418332288
2.128278437550565 -1.7586166772005256
2.1317953783249424 -1.7567111314199308
2.1353043974492447 -1.7547910371728428
2.1388054347414234 -1.752856427390174
2.142298430156322 -1.7509073352517903
2.1457835974556674 -1.74894427872532
2.149261827256505 -1.7469689556429955
2.1527331563593632 -1.7449815306540588
2.1561975426578934 -1.742982027865474
2.159654944129961 -1.7409704715307064
2.1631053188381575 -1.7389468860494284
2.1665486249303054 -1.7369112959672226
2.16998482063997 -1.7348637259752835
2.1734138642869603 -1.7328042009101203
2.176835714277842 -1.7307327457532538
2.1802503291064346 -1.728649385630914
2.1836579186093608 -1.726554686061029
2.1870601070674676 -1.724451092623157
2.1904570226409574 -1.7223389950300232
2.193848644072776 -1.7202184064986081
2.1972349501389994 -1.718089340299028
2.200615919648967 -1.71595180975445
2.2039915314454133 -1.7138058282410078
2.207361764404597 -1.7116514091877213
2.2107265974364414 -1.709488566076408
2.214086009484655 -1.7073173124416037
2.2174389697118744 -1.7051383483964622
2.2207905267900157 -1.7029549874203973
2.2241420838681702 -1.7007716264443176
2.2274936409463257 -1.698588265468238
2.23084519802448 -1.6964049044921587
2.2341967551026345 -1.694221543516079
2.2375483121807855 -1.6920381825400017
2.2408998692589384 -1.689854821563923
2.2442514263370907 -1.6876714605878453
2.2476029834152436 -1.6854880996117674
2.2509545404933955 -1.6833047386356894
2.254306097571549 -1.6811213776596108
2.257657654649703 -1.678938016683532
2.2610092117278553 -1.6767546557074537
2.26436076880601 -1.6745712947313747
2.2677123258841636 -1.6723879337552963
2.2710638829623164 -1.670204572779218
2.2744154400404692 -1.6680212118031401
2.2777669971186225 -1.665837850827062
2.2811185541967745 -1.6636544898509835
2.284470111274927 -1.6614711288749038
2.287821668353081 -1.6592877678988234
2.2911732254312343 -1.6571044069227439
2.2945247825093875 -1.6549210459466637
2.2978763395875417 -1.6527376849705837
2.3012278966656963 -1.6505543239945033
2.3045794537438504 -1.6483709630184236
2.307931010822001 -1.6461876020423465
2.3112825679001534 -1.6440042410662683
2.3146344438867055 -1.6418221159960202
2.317989309551214 -1.6396438427814117
2.3213469549822845 -1.6374698568146706
2.3247073747011653 -1.635300161643145
2.3280705632245744 -1.633134760807181
2.331436515064712 -1.6309736578401166
2.3348052247292705 -1.6288168562682777
2.338176686721443 -1.626664359610972
2.34155089553993 -1.6245161713804814
2.3449278456789506 -1.6223722950820583
2.3483075316282522 -1.6202327342139198
2.351689947873117 -1.61809749226724
2.3550752983036114 -1.6159669058012898
2.3584648305114215 -1.6138429788414752
2.361858739833428 -1.6117260532800994
2.365257011807604 -1.6096161381377434
2.3686596319533306 -1.6075132424051166
2.372066585771463 -1.6054173750430163
2.3754778587443908 -1.603328544982292
2.3788934363360954 -1.6012467611238046
2.3823133039922175 -1.5991720323383911
2.385738227060868 -1.5971056609296628
2.389169128200356 -1.5950492304908637
2.3926059807022955 -1.5930027619085323
2.396048755641836 -1.5909662724059266
2.399497424044285 -1.5889397791223199
2.4029519568853472 -1.586923299112856
2.406412325091375 -1.5849168493484058
2.4098784995396088 -1.5829204467154256
2.4133504510584225 -1.5809341080158148
2.4168281516761763 -1.5789578521712393
2.4203121169713047 -1.5769926625267945
2.423802758907446 -1.5750393567673324
2.427300036948553 -1.5730979575761583
2.4308039104815147 -1.5711684874983098
2.4343143388166264 -1.5692509689402925
2.437831281188066 -1.5673454241698226
2.441354696754366 -1.5654518753155666
2.4448845445988843 -1.563570344366886
2.4484207837302856 -1.5617008531735808
2.451963373083012 -1.5598434234456364
2.4555123260666396 -1.5579981819929882
2.459068102955581 -1.5561661253117807
2.462630776294265 -1.55434751604948
2.4662002952267836 -1.5525423801660923
2.4697766087995094 -1.5507507434292984
2.4733596659618264 -1.5489726314140817
2.476949415566856 -1.5472080695023636
2.480545806372185 -1.545457082882645
2.4841487870406027 -1.5437196965496434
2.487758306140828 -1.5419959353039367
2.4913747411985048 -1.5402867333617374
2.494998774004281 -1.5385937007183457
2.4986303454505423 -1.536916899555525
2.5022693828394456 -1.5352563634399636
2.505915813323699 -1.5336121256127497
2.5095695639080073 -1.5319842189887096
2.5132305614505417 -1.5303726761557437
2.5168987326644023 -1.5287775293741812
2.5205740041190854 -1.5271988105761274
2.5242563036357155 -1.5256365546699704
2.5279461632741604 -1.524092242553885
2.5316439905773893 -1.5225671073799416
2.535349685879768 -1.521061190254323
2.539063149303601 -1.519574531765238
2.5427842807618193 -1.5181071719818264
2.546512979960683 -1.5166591504530813
2.550249146402481 -1.5152305062067828
2.5539926793882466 -1.5138212777484414
2.5577434780204613 -1.5124315030602666
2.561501463625533 -1.511061281491744
2.5652668844837874 -1.50971162798722
2.569039747575925 -1.5083829207545987
2.5728199363831026 -1.5070752008288784
2.5766073341602316 -1.5057885085968992
2.580401823939585 -1.504522883796093
2.5842032885344137 -1.503278365513259
2.588011610542558 -1.5020549921833553
2.591826672350083 -1.5008528015883116
2.5956483561349 -1.4996718308558625
2.599476543870417 -1.4985121164584005
2.603311117329173 -1.4973736942118516
2.60715197350754 -1.4962566527647823
2.610999327894171 -1.4951622048759245
2.614853182506188 -1.4940908708536864
2.6187133984830666 -1.4930426892999393
2.622579836735075 -1.492017697982335
2.626452357948284 -1.4910159338329434
2.6303308225895847 -1.490037432946923
2.634215090911716 -1.4890822305812197
2.6381050887618454 -1.4881506371149722
2.642000737310617 -1.4872429631399986
2.6459018894791884 -1.4863592429252113
2.6498083979809386 -1.485499509835156
2.653720115327016 -1.4846637963287526
2.65763689383191 -1.4838521339580684
2.66155858561903 -1.4830645533671312
2.6654850426262846 -1.4823010842907687
2.669416116611673 -1.4815617555534861
2.673351659158887 -1.4808465950683796
2.6772915186025568 -1.480155612133932
2.681235541187239 -1.4794888020294512
2.685183578511643 -1.4788461892774436
2.689135482121695 -1.4782277980414293
2.6930911034179448 -1.4776336515741515
2.6970502936611487 -1.477063772216701
2.70101290397786 -1.4765181813976787
2.704978785366033 -1.475996899632386
2.708947788700627 -1.475499946522056
2.7129197647392074 -1.475027340753115
2.716894564127557 -1.4745791000964825
